-27.0 -28.0
-22.0 -28.0
-27.0 -28.0
4 ;; 1
5 ;; 2
-27.0 -28.0
7 ;; 3
8 ;; 4
9 ;; 5
-27.0 -28.0
-29.0 -30.0
-32.0 -32.0
-32.0 -32.0
-32.0 -32.0
-31.0 -32.0
-32.0 -32.0
-31.0 -32.0
-32.0 -32.0
-32.0 -32.0
-32.0 -33.0
-32.0 -33.0
-31.0 -31.0
-30.0 -32.0
-32.0 -32.0
-32.0 -33.0
-32.0 -33.0
-31.0 -32.0
-31.0 -32.0
-31.0 -32.0
-32.0 -32.0
-32.0 -32.0
-31.0 -32.0
-31.0 -32.0
-30.0 -32.0
-30.0 -32.0
-31.0 -32.0
-31.0 -32.0
-31.0 -32.0
-30.0 -31.0
-30.0 -32.0
-31.0 -31.0
-30.0 -32.0
-30.0 -31.0
-31.0 -32.0
-31.0 -32.0
-32.0 -33.0
-32.0 -33.0
-32.0 -33.0
-31.0 -32.0
-30.0 -32.0
-31.0 -32.0
-32.0 -32.0
-32.0 -32.0
-32.0 -32.0
-31.0 -32.0
-32.0 -32.0
-32.0 -32.0
-32.0 -33.0
-32.0 -32.0
-32.0 -33.0
-32.0 -33.0
-31.0 -33.0
-32.0 -34.0
-33.0 -33.0
-32.0 -33.0
-32.0 -33.0
-32.0 -33.0
-32.0 -33.0
-32.0 -33.0
-32.0 -33.0
-31.0 -32.0
-30.0 -31.0
-30.0 -31.0
-31.0 -32.0
-30.0 -31.0
-30.0 -31.0
-30.0 -32.0
-32.0 -33.0
-32.0 -33.0
-32.0 -33.0
-32.0 -33.0
-32.0 -33.0
-32.0 -33.0
-31.0 -33.0
-31.0 -32.0
-31.0 -32.0
-32.0 -32.0
-32.0 -32.0
-31.0 -32.0
-32.0 -32.0
-31.0 -32.0
-31.0 -32.0
-32.0 -32.0
-31.0 -32.0
-31.0 -32.0
-32.0 -33.0
-31.0 -32.0
-32.0 -31.0
-31.0 -32.0
-30.0 -32.0
